Pressed A: Move Cybertruck left
Current Transformation Matrix:
1 0 0 -0.01
0 1 0 0
0 0 1 0
0 0 0 1
-----------------------------
Pressed A: Move Cybertruck left
Current Transformation Matrix:
1 0 0 -0.02
0 1 0 0
0 0 1 0
0 0 0 1
-----------------------------
Pressed A: Move Cybertruck left
Current Transformation Matrix:
1 0 0 -0.03
0 1 0 0
0 0 1 0
0 0 0 1
-----------------------------
Pressed A: Move Cybertruck left
Current Transformation Matrix:
1 0 0 -0.04
0 1 0 0
0 0 1 0
0 0 0 1
-----------------------------
Pressed A: Move Cybertruck left
Current Transformation Matrix:
1 0 0 -0.05
0 1 0 0
0 0 1 0
0 0 0 1
-----------------------------
Pressed A: Move Cybertruck left
Current Transformation Matrix:
1 0 0 -0.06
0 1 0 0
0 0 1 0
0 0 0 1
-----------------------------
Pressed A: Move Cybertruck left
Current Transformation Matrix:
1 0 0 -0.07
0 1 0 0
0 0 1 0
0 0 0 1
-----------------------------
Pressed A: Move Cybertruck left
Current Transformation Matrix:
1 0 0 -0.08
0 1 0 0
0 0 1 0
0 0 0 1
-----------------------------
Pressed A: Move Cybertruck left
Current Transformation Matrix:
1 0 0 -0.09
0 1 0 0
0 0 1 0
0 0 0 1
-----------------------------
Pressed A: Move Cybertruck left
Current Transformation Matrix:
1 0 0 -0.1
0 1 0 0
0 0 1 0
0 0 0 1
-----------------------------
Pressed A: Move Cybertruck left
Current Transformation Matrix:
1 0 0 -0.11
0 1 0 0
0 0 1 0
0 0 0 1
-----------------------------
Pressed A: Move Cybertruck left
Current Transformation Matrix:
1 0 0 -0.12
0 1 0 0
0 0 1 0
0 0 0 1
-----------------------------
Pressed A: Move Cybertruck left
Current Transformation Matrix:
1 0 0 -0.13
0 1 0 0
0 0 1 0
0 0 0 1
-----------------------------
Pressed A: Move Cybertruck left
Current Transformation Matrix:
1 0 0 -0.14
0 1 0 0
0 0 1 0
0 0 0 1
-----------------------------
Pressed A: Move Cybertruck left
Current Transformation Matrix:
1 0 0 -0.15
0 1 0 0
0 0 1 0
0 0 0 1
-----------------------------
Pressed A: Move Cybertruck left
Current Transformation Matrix:
1 0 0 -0.16
0 1 0 0
0 0 1 0
0 0 0 1
-----------------------------
Pressed A: Move Cybertruck left
Current Transformation Matrix:
1 0 0 -0.17
0 1 0 0
0 0 1 0
0 0 0 1
-----------------------------
Pressed A: Move Cybertruck left
Current Transformation Matrix:
1 0 0 -0.18
0 1 0 0
0 0 1 0
0 0 0 1
-----------------------------
Pressed A: Move Cybertruck left
Current Transformation Matrix:
1 0 0 -0.19
0 1 0 0
0 0 1 0
0 0 0 1
-----------------------------
Pressed A: Move Cybertruck left
Current Transformation Matrix:
1 0 0 -0.2
0 1 0 0
0 0 1 0
0 0 0 1
-----------------------------
Pressed A: Move Cybertruck left
Current Transformation Matrix:
1 0 0 -0.21
0 1 0 0
0 0 1 0
0 0 0 1
-----------------------------
Pressed A: Move Cybertruck left
Current Transformation Matrix:
1 0 0 -0.22
0 1 0 0
0 0 1 0
0 0 0 1
-----------------------------
Pressed A: Move Cybertruck left
Current Transformation Matrix:
1 0 0 -0.23
0 1 0 0
0 0 1 0
0 0 0 1
-----------------------------
Pressed A: Move Cybertruck left
Current Transformation Matrix:
1 0 0 -0.24
0 1 0 0
0 0 1 0
0 0 0 1
-----------------------------
Pressed A: Move Cybertruck left
Current Transformation Matrix:
1 0 0 -0.25
0 1 0 0
0 0 1 0
0 0 0 1
-----------------------------
Pressed A: Move Cybertruck left
Current Transformation Matrix:
1 0 0 -0.26
0 1 0 0
0 0 1 0
0 0 0 1
-----------------------------
Pressed A: Move Cybertruck left
Current Transformation Matrix:
1 0 0 -0.27
0 1 0 0
0 0 1 0
0 0 0 1
-----------------------------
Pressed A: Move Cybertruck left
Current Transformation Matrix:
1 0 0 -0.28
0 1 0 0
0 0 1 0
0 0 0 1
-----------------------------
Pressed A: Move Cybertruck left
Current Transformation Matrix:
1 0 0 -0.29
0 1 0 0
0 0 1 0
0 0 0 1
-----------------------------
Pressed A: Move Cybertruck left
Current Transformation Matrix:
1 0 0 -0.3
0 1 0 0
0 0 1 0
0 0 0 1
-----------------------------
Pressed A: Move Cybertruck left
Current Transformation Matrix:
1 0 0 -0.31
0 1 0 0
0 0 1 0
0 0 0 1
-----------------------------
Pressed A: Move Cybertruck left
Current Transformation Matrix:
1 0 0 -0.32
0 1 0 0
0 0 1 0
0 0 0 1
-----------------------------
Pressed A: Move Cybertruck left
Current Transformation Matrix:
1 0 0 -0.33
0 1 0 0
0 0 1 0
0 0 0 1
-----------------------------
Pressed A: Move Cybertruck left
Current Transformation Matrix:
1 0 0 -0.34
0 1 0 0
0 0 1 0
0 0 0 1
-----------------------------
Pressed A: Move Cybertruck left
Current Transformation Matrix:
1 0 0 -0.35
0 1 0 0
0 0 1 0
0 0 0 1
-----------------------------
Pressed A: Move Cybertruck left
Current Transformation Matrix:
1 0 0 -0.36
0 1 0 0
0 0 1 0
0 0 0 1
-----------------------------
Pressed A: Move Cybertruck left
Current Transformation Matrix:
1 0 0 -0.37
0 1 0 0
0 0 1 0
0 0 0 1
-----------------------------
Pressed A: Move Cybertruck left
Current Transformation Matrix:
1 0 0 -0.38
0 1 0 0
0 0 1 0
0 0 0 1
-----------------------------
Pressed A: Move Cybertruck left
Current Transformation Matrix:
1 0 0 -0.39
0 1 0 0
0 0 1 0
0 0 0 1
-----------------------------
Pressed A: Move Cybertruck left
Current Transformation Matrix:
1 0 0 -0.4
0 1 0 0
0 0 1 0
0 0 0 1
-----------------------------
Pressed A: Move Cybertruck left
Current Transformation Matrix:
1 0 0 -0.41
0 1 0 0
0 0 1 0
0 0 0 1
-----------------------------
Pressed A: Move Cybertruck left
Current Transformation Matrix:
1 0 0 -0.42
0 1 0 0
0 0 1 0
0 0 0 1
-----------------------------
Pressed A: Move Cybertruck left
Current Transformation Matrix:
1 0 0 -0.43
0 1 0 0
0 0 1 0
0 0 0 1
-----------------------------
Pressed A: Move Cybertruck left
Current Transformation Matrix:
1 0 0 -0.44
0 1 0 0
0 0 1 0
0 0 0 1
-----------------------------
Pressed A: Move Cybertruck left
Current Transformation Matrix:
1 0 0 -0.45
0 1 0 0
0 0 1 0
0 0 0 1
-----------------------------
Pressed A: Move Cybertruck left
Current Transformation Matrix:
1 0 0 -0.46
0 1 0 0
0 0 1 0
0 0 0 1
-----------------------------
Pressed A: Move Cybertruck left
Current Transformation Matrix:
1 0 0 -0.47
0 1 0 0
0 0 1 0
0 0 0 1
-----------------------------
Pressed A: Move Cybertruck left
Current Transformation Matrix:
1 0 0 -0.48
0 1 0 0
0 0 1 0
0 0 0 1
-----------------------------
Pressed A: Move Cybertruck left
Current Transformation Matrix:
1 0 0 -0.49
0 1 0 0
0 0 1 0
0 0 0 1
-----------------------------
Pressed A: Move Cybertruck left
Current Transformation Matrix:
1 0 0 -0.5
0 1 0 0
0 0 1 0
0 0 0 1
-----------------------------
Pressed A: Move Cybertruck left
Current Transformation Matrix:
1 0 0 -0.51
0 1 0 0
0 0 1 0
0 0 0 1
-----------------------------
Pressed A: Move Cybertruck left
Current Transformation Matrix:
1 0 0 -0.52
0 1 0 0
0 0 1 0
0 0 0 1
-----------------------------
Pressed A: Move Cybertruck left
Current Transformation Matrix:
1 0 0 -0.53
0 1 0 0
0 0 1 0
0 0 0 1
-----------------------------
Pressed A: Move Cybertruck left
Current Transformation Matrix:
1 0 0 -0.54
0 1 0 0
0 0 1 0
0 0 0 1
-----------------------------
Pressed A: Move Cybertruck left
Current Transformation Matrix:
1 0 0 -0.55
0 1 0 0
0 0 1 0
0 0 0 1
-----------------------------
Pressed A: Move Cybertruck left
Current Transformation Matrix:
1 0 0 -0.56
0 1 0 0
0 0 1 0
0 0 0 1
-----------------------------
Pressed A: Move Cybertruck left
Current Transformation Matrix:
1 0 0 -0.57
0 1 0 0
0 0 1 0
0 0 0 1
-----------------------------
Pressed A: Move Cybertruck left
Current Transformation Matrix:
1 0 0 -0.58
0 1 0 0
0 0 1 0
0 0 0 1
-----------------------------
Pressed A: Move Cybertruck left
Current Transformation Matrix:
1 0 0 -0.59
0 1 0 0
0 0 1 0
0 0 0 1
-----------------------------
Pressed A: Move Cybertruck left
Current Transformation Matrix:
1 0 0 -0.6
0 1 0 0
0 0 1 0
0 0 0 1
-----------------------------
Pressed A: Move Cybertruck left
Current Transformation Matrix:
1 0 0 -0.61
0 1 0 0
0 0 1 0
0 0 0 1
-----------------------------
Pressed A: Move Cybertruck left
Current Transformation Matrix:
1 0 0 -0.62
0 1 0 0
0 0 1 0
0 0 0 1
-----------------------------
Pressed A: Move Cybertruck left
Current Transformation Matrix:
1 0 0 -0.63
0 1 0 0
0 0 1 0
0 0 0 1
-----------------------------
Pressed A: Move Cybertruck left
Current Transformation Matrix:
1 0 0 -0.64
0 1 0 0
0 0 1 0
0 0 0 1
-----------------------------
Pressed A: Move Cybertruck left
Current Transformation Matrix:
1 0 0 -0.65
0 1 0 0
0 0 1 0
0 0 0 1
-----------------------------
Pressed A: Move Cybertruck left
Current Transformation Matrix:
1 0 0 -0.66
0 1 0 0
0 0 1 0
0 0 0 1
-----------------------------
Pressed A: Move Cybertruck left
Current Transformation Matrix:
1 0 0 -0.67
0 1 0 0
0 0 1 0
0 0 0 1
-----------------------------
Pressed A: Move Cybertruck left
Current Transformation Matrix:
1 0 0 -0.68
0 1 0 0
0 0 1 0
0 0 0 1
-----------------------------
Pressed A: Move Cybertruck left
Current Transformation Matrix:
1 0 0 -0.69
0 1 0 0
0 0 1 0
0 0 0 1
-----------------------------
Pressed A: Move Cybertruck left
Current Transformation Matrix:
1 0 0 -0.7
0 1 0 0
0 0 1 0
0 0 0 1
-----------------------------
Pressed A: Move Cybertruck left
Current Transformation Matrix:
1 0 0 -0.71
0 1 0 0
0 0 1 0
0 0 0 1
-----------------------------
Pressed A: Move Cybertruck left
Current Transformation Matrix:
1 0 0 -0.72
0 1 0 0
0 0 1 0
0 0 0 1
-----------------------------
Pressed A: Move Cybertruck left
Current Transformation Matrix:
1 0 0 -0.73
0 1 0 0
0 0 1 0
0 0 0 1
-----------------------------
Pressed A: Move Cybertruck left
Current Transformation Matrix:
1 0 0 -0.74
0 1 0 0
0 0 1 0
0 0 0 1
-----------------------------
Pressed A: Move Cybertruck left
Current Transformation Matrix:
1 0 0 -0.75
0 1 0 0
0 0 1 0
0 0 0 1
-----------------------------
Pressed A: Move Cybertruck left
Current Transformation Matrix:
1 0 0 -0.76
0 1 0 0
0 0 1 0
0 0 0 1
-----------------------------
Pressed A: Move Cybertruck left
Current Transformation Matrix:
1 0 0 -0.77
0 1 0 0
0 0 1 0
0 0 0 1
-----------------------------
Pressed A: Move Cybertruck left
Current Transformation Matrix:
1 0 0 -0.78
0 1 0 0
0 0 1 0
0 0 0 1
-----------------------------
Pressed A: Move Cybertruck left
Current Transformation Matrix:
1 0 0 -0.79
0 1 0 0
0 0 1 0
0 0 0 1
-----------------------------
Pressed A: Move Cybertruck left
Current Transformation Matrix:
1 0 0 -0.8
0 1 0 0
0 0 1 0
0 0 0 1
-----------------------------
Pressed A: Move Cybertruck left
Current Transformation Matrix:
1 0 0 -0.81
0 1 0 0
0 0 1 0
0 0 0 1
-----------------------------
Pressed A: Move Cybertruck left
Current Transformation Matrix:
1 0 0 -0.82
0 1 0 0
0 0 1 0
0 0 0 1
-----------------------------
Pressed A: Move Cybertruck left
Current Transformation Matrix:
1 0 0 -0.83
0 1 0 0
0 0 1 0
0 0 0 1
-----------------------------
Pressed A: Move Cybertruck left
Current Transformation Matrix:
1 0 0 -0.839999
0 1 0 0
0 0 1 0
0 0 0 1
-----------------------------
Pressed A: Move Cybertruck left
Current Transformation Matrix:
1 0 0 -0.849999
0 1 0 0
0 0 1 0
0 0 0 1
-----------------------------
Pressed A: Move Cybertruck left
Current Transformation Matrix:
1 0 0 -0.859999
0 1 0 0
0 0 1 0
0 0 0 1
-----------------------------
Pressed A: Move Cybertruck left
Current Transformation Matrix:
1 0 0 -0.869999
0 1 0 0
0 0 1 0
0 0 0 1
-----------------------------
Pressed A: Move Cybertruck left
Current Transformation Matrix:
1 0 0 -0.879999
0 1 0 0
0 0 1 0
0 0 0 1
-----------------------------
Pressed A: Move Cybertruck left
Current Transformation Matrix:
1 0 0 -0.889999
0 1 0 0
0 0 1 0
0 0 0 1
-----------------------------
Pressed A: Move Cybertruck left
Current Transformation Matrix:
1 0 0 -0.899999
0 1 0 0
0 0 1 0
0 0 0 1
-----------------------------
Pressed A: Move Cybertruck left
Current Transformation Matrix:
1 0 0 -0.909999
0 1 0 0
0 0 1 0
0 0 0 1
-----------------------------
Pressed A: Move Cybertruck left
Current Transformation Matrix:
1 0 0 -0.919999
0 1 0 0
0 0 1 0
0 0 0 1
-----------------------------
Pressed A: Move Cybertruck left
Current Transformation Matrix:
1 0 0 -0.929999
0 1 0 0
0 0 1 0
0 0 0 1
-----------------------------
Pressed A: Move Cybertruck left
Current Transformation Matrix:
1 0 0 -0.939999
0 1 0 0
0 0 1 0
0 0 0 1
-----------------------------
Pressed A: Move Cybertruck left
Current Transformation Matrix:
1 0 0 -0.949999
0 1 0 0
0 0 1 0
0 0 0 1
-----------------------------
Pressed A: Move Cybertruck left
Current Transformation Matrix:
1 0 0 -0.959999
0 1 0 0
0 0 1 0
0 0 0 1
-----------------------------
Pressed A: Move Cybertruck left
Current Transformation Matrix:
1 0 0 -0.969999
0 1 0 0
0 0 1 0
0 0 0 1
-----------------------------
Pressed A: Move Cybertruck left
Current Transformation Matrix:
1 0 0 -0.979999
0 1 0 0
0 0 1 0
0 0 0 1
-----------------------------
Pressed A: Move Cybertruck left
Current Transformation Matrix:
1 0 0 -0.989999
0 1 0 0
0 0 1 0
0 0 0 1
-----------------------------
Pressed A: Move Cybertruck left
Current Transformation Matrix:
1 0 0 -0.999999
0 1 0 0
0 0 1 0
0 0 0 1
-----------------------------
Pressed A: Move Cybertruck left
Current Transformation Matrix:
1 0 0 -1.01
0 1 0 0
0 0 1 0
0 0 0 1
-----------------------------
Pressed A: Move Cybertruck left
Current Transformation Matrix:
1 0 0 -1.02
0 1 0 0
0 0 1 0
0 0 0 1
-----------------------------
Pressed A: Move Cybertruck left
Current Transformation Matrix:
1 0 0 -1.03
0 1 0 0
0 0 1 0
0 0 0 1
-----------------------------
Pressed A: Move Cybertruck left
Current Transformation Matrix:
1 0 0 -1.04
0 1 0 0
0 0 1 0
0 0 0 1
-----------------------------
Pressed A: Move Cybertruck left
Current Transformation Matrix:
1 0 0 -1.05
0 1 0 0
0 0 1 0
0 0 0 1
-----------------------------
Pressed A: Move Cybertruck left
Current Transformation Matrix:
1 0 0 -1.06
0 1 0 0
0 0 1 0
0 0 0 1
-----------------------------
Pressed A: Move Cybertruck left
Current Transformation Matrix:
1 0 0 -1.07
0 1 0 0
0 0 1 0
0 0 0 1
-----------------------------
Pressed A: Move Cybertruck left
Current Transformation Matrix:
1 0 0 -1.08
0 1 0 0
0 0 1 0
0 0 0 1
-----------------------------
Pressed A: Move Cybertruck left
Current Transformation Matrix:
1 0 0 -1.09
0 1 0 0
0 0 1 0
0 0 0 1
-----------------------------
Pressed A: Move Cybertruck left
Current Transformation Matrix:
1 0 0 -1.1
0 1 0 0
0 0 1 0
0 0 0 1
-----------------------------
Pressed A: Move Cybertruck left
Current Transformation Matrix:
1 0 0 -1.11
0 1 0 0
0 0 1 0
0 0 0 1
-----------------------------
Pressed A: Move Cybertruck left
Current Transformation Matrix:
1 0 0 -1.12
0 1 0 0
0 0 1 0
0 0 0 1
-----------------------------
Pressed A: Move Cybertruck left
Current Transformation Matrix:
1 0 0 -1.13
0 1 0 0
0 0 1 0
0 0 0 1
-----------------------------
Pressed A: Move Cybertruck left
Current Transformation Matrix:
1 0 0 -1.14
0 1 0 0
0 0 1 0
0 0 0 1
-----------------------------
Pressed A: Move Cybertruck left
Current Transformation Matrix:
1 0 0 -1.15
0 1 0 0
0 0 1 0
0 0 0 1
-----------------------------
Pressed A: Move Cybertruck left
Current Transformation Matrix:
1 0 0 -1.16
0 1 0 0
0 0 1 0
0 0 0 1
-----------------------------
Pressed A: Move Cybertruck left
Current Transformation Matrix:
1 0 0 -1.17
0 1 0 0
0 0 1 0
0 0 0 1
-----------------------------
Pressed A: Move Cybertruck left
Current Transformation Matrix:
1 0 0 -1.18
0 1 0 0
0 0 1 0
0 0 0 1
-----------------------------
Pressed A: Move Cybertruck left
Current Transformation Matrix:
1 0 0 -1.19
0 1 0 0
0 0 1 0
0 0 0 1
-----------------------------
Pressed A: Move Cybertruck left
Current Transformation Matrix:
1 0 0 -1.2
0 1 0 0
0 0 1 0
0 0 0 1
-----------------------------
Pressed A: Move Cybertruck left
Current Transformation Matrix:
1 0 0 -1.21
0 1 0 0
0 0 1 0
0 0 0 1
-----------------------------
Pressed A: Move Cybertruck left
Current Transformation Matrix:
1 0 0 -1.22
0 1 0 0
0 0 1 0
0 0 0 1
-----------------------------
Pressed A: Move Cybertruck left
Current Transformation Matrix:
1 0 0 -1.23
0 1 0 0
0 0 1 0
0 0 0 1
-----------------------------
Pressed A: Move Cybertruck left
Current Transformation Matrix:
1 0 0 -1.24
0 1 0 0
0 0 1 0
0 0 0 1
-----------------------------
Pressed A: Move Cybertruck left
Current Transformation Matrix:
1 0 0 -1.25
0 1 0 0
0 0 1 0
0 0 0 1
-----------------------------
Pressed A: Move Cybertruck left
Current Transformation Matrix:
1 0 0 -1.26
0 1 0 0
0 0 1 0
0 0 0 1
-----------------------------
Pressed A: Move Cybertruck left
Current Transformation Matrix:
1 0 0 -1.27
0 1 0 0
0 0 1 0
0 0 0 1
-----------------------------
Pressed A: Move Cybertruck left
Current Transformation Matrix:
1 0 0 -1.28
0 1 0 0
0 0 1 0
0 0 0 1
-----------------------------
Pressed A: Move Cybertruck left
Current Transformation Matrix:
1 0 0 -1.29
0 1 0 0
0 0 1 0
0 0 0 1
-----------------------------
Pressed A: Move Cybertruck left
Current Transformation Matrix:
1 0 0 -1.3
0 1 0 0
0 0 1 0
0 0 0 1
-----------------------------
Pressed A: Move Cybertruck left
Current Transformation Matrix:
1 0 0 -1.31
0 1 0 0
0 0 1 0
0 0 0 1
-----------------------------
Pressed A: Move Cybertruck left
Current Transformation Matrix:
1 0 0 -1.32
0 1 0 0
0 0 1 0
0 0 0 1
-----------------------------
Pressed A: Move Cybertruck left
Current Transformation Matrix:
1 0 0 -1.33
0 1 0 0
0 0 1 0
0 0 0 1
-----------------------------
Pressed A: Move Cybertruck left
Current Transformation Matrix:
1 0 0 -1.34
0 1 0 0
0 0 1 0
0 0 0 1
-----------------------------
Pressed A: Move Cybertruck left
Current Transformation Matrix:
1 0 0 -1.35
0 1 0 0
0 0 1 0
0 0 0 1
-----------------------------
Pressed A: Move Cybertruck left
Current Transformation Matrix:
1 0 0 -1.36
0 1 0 0
0 0 1 0
0 0 0 1
-----------------------------
Pressed A: Move Cybertruck left
Current Transformation Matrix:
1 0 0 -1.37
0 1 0 0
0 0 1 0
0 0 0 1
-----------------------------
Pressed A: Move Cybertruck left
Current Transformation Matrix:
1 0 0 -1.38
0 1 0 0
0 0 1 0
0 0 0 1
-----------------------------
Pressed A: Move Cybertruck left
Current Transformation Matrix:
1 0 0 -1.39
0 1 0 0
0 0 1 0
0 0 0 1
-----------------------------
Pressed A: Move Cybertruck left
Current Transformation Matrix:
1 0 0 -1.4
0 1 0 0
0 0 1 0
0 0 0 1
-----------------------------
Pressed A: Move Cybertruck left
Current Transformation Matrix:
1 0 0 -1.41
0 1 0 0
0 0 1 0
0 0 0 1
-----------------------------
Pressed A: Move Cybertruck left
Current Transformation Matrix:
1 0 0 -1.42
0 1 0 0
0 0 1 0
0 0 0 1
-----------------------------
Pressed A: Move Cybertruck left
Current Transformation Matrix:
1 0 0 -1.43
0 1 0 0
0 0 1 0
0 0 0 1
-----------------------------
Pressed A: Move Cybertruck left
Current Transformation Matrix:
1 0 0 -1.44
0 1 0 0
0 0 1 0
0 0 0 1
-----------------------------
Pressed A: Move Cybertruck left
Current Transformation Matrix:
1 0 0 -1.45
0 1 0 0
0 0 1 0
0 0 0 1
-----------------------------
Pressed A: Move Cybertruck left
Current Transformation Matrix:
1 0 0 -1.46
0 1 0 0
0 0 1 0
0 0 0 1
-----------------------------
Pressed A: Move Cybertruck left
Current Transformation Matrix:
1 0 0 -1.47
0 1 0 0
0 0 1 0
0 0 0 1
-----------------------------
Pressed A: Move Cybertruck left
Current Transformation Matrix:
1 0 0 -1.48
0 1 0 0
0 0 1 0
0 0 0 1
-----------------------------
Pressed A: Move Cybertruck left
Current Transformation Matrix:
1 0 0 -1.49
0 1 0 0
0 0 1 0
0 0 0 1
-----------------------------
Pressed A: Move Cybertruck left
Current Transformation Matrix:
1 0 0 -1.5
0 1 0 0
0 0 1 0
0 0 0 1
-----------------------------
Pressed A: Move Cybertruck left
Current Transformation Matrix:
1 0 0 -1.51
0 1 0 0
0 0 1 0
0 0 0 1
-----------------------------
Pressed A: Move Cybertruck left
Current Transformation Matrix:
1 0 0 -1.52
0 1 0 0
0 0 1 0
0 0 0 1
-----------------------------
Pressed A: Move Cybertruck left
Current Transformation Matrix:
1 0 0 -1.53
0 1 0 0
0 0 1 0
0 0 0 1
-----------------------------
Pressed A: Move Cybertruck left
Current Transformation Matrix:
1 0 0 -1.54
0 1 0 0
0 0 1 0
0 0 0 1
-----------------------------
Pressed A: Move Cybertruck left
Current Transformation Matrix:
1 0 0 -1.55
0 1 0 0
0 0 1 0
0 0 0 1
-----------------------------
Pressed A: Move Cybertruck left
Current Transformation Matrix:
1 0 0 -1.56
0 1 0 0
0 0 1 0
0 0 0 1
-----------------------------
Pressed A: Move Cybertruck left
Current Transformation Matrix:
1 0 0 -1.57
0 1 0 0
0 0 1 0
0 0 0 1
-----------------------------
Pressed A: Move Cybertruck left
Current Transformation Matrix:
1 0 0 -1.58
0 1 0 0
0 0 1 0
0 0 0 1
-----------------------------
Pressed A: Move Cybertruck left
Current Transformation Matrix:
1 0 0 -1.59
0 1 0 0
0 0 1 0
0 0 0 1
-----------------------------
Pressed A: Move Cybertruck left
Current Transformation Matrix:
1 0 0 -1.6
0 1 0 0
0 0 1 0
0 0 0 1
-----------------------------
Pressed A: Move Cybertruck left
Current Transformation Matrix:
1 0 0 -1.61
0 1 0 0
0 0 1 0
0 0 0 1
-----------------------------
Pressed A: Move Cybertruck left
Current Transformation Matrix:
1 0 0 -1.62
0 1 0 0
0 0 1 0
0 0 0 1
-----------------------------
Pressed A: Move Cybertruck left
Current Transformation Matrix:
1 0 0 -1.63
0 1 0 0
0 0 1 0
0 0 0 1
-----------------------------
Pressed A: Move Cybertruck left
Current Transformation Matrix:
1 0 0 -1.64
0 1 0 0
0 0 1 0
0 0 0 1
-----------------------------
Pressed A: Move Cybertruck left
Current Transformation Matrix:
1 0 0 -1.65
0 1 0 0
0 0 1 0
0 0 0 1
-----------------------------
Pressed A: Move Cybertruck left
Current Transformation Matrix:
1 0 0 -1.66
0 1 0 0
0 0 1 0
0 0 0 1
-----------------------------
Pressed A: Move Cybertruck left
Current Transformation Matrix:
1 0 0 -1.67
0 1 0 0
0 0 1 0
0 0 0 1
-----------------------------
Pressed A: Move Cybertruck left
Current Transformation Matrix:
1 0 0 -1.68
0 1 0 0
0 0 1 0
0 0 0 1
-----------------------------
Pressed A: Move Cybertruck left
Current Transformation Matrix:
1 0 0 -1.69
0 1 0 0
0 0 1 0
0 0 0 1
-----------------------------
Pressed A: Move Cybertruck left
Current Transformation Matrix:
1 0 0 -1.7
0 1 0 0
0 0 1 0
0 0 0 1
-----------------------------
Pressed A: Move Cybertruck left
Current Transformation Matrix:
1 0 0 -1.71
0 1 0 0
0 0 1 0
0 0 0 1
-----------------------------
Pressed A: Move Cybertruck left
Current Transformation Matrix:
1 0 0 -1.72
0 1 0 0
0 0 1 0
0 0 0 1
-----------------------------
Pressed A: Move Cybertruck left
Current Transformation Matrix:
1 0 0 -1.73
0 1 0 0
0 0 1 0
0 0 0 1
-----------------------------
Pressed A: Move Cybertruck left
Current Transformation Matrix:
1 0 0 -1.74
0 1 0 0
0 0 1 0
0 0 0 1
-----------------------------
Pressed A: Move Cybertruck left
Current Transformation Matrix:
1 0 0 -1.75
0 1 0 0
0 0 1 0
0 0 0 1
-----------------------------
Pressed A: Move Cybertruck left
Current Transformation Matrix:
1 0 0 -1.76
0 1 0 0
0 0 1 0
0 0 0 1
-----------------------------
Pressed A: Move Cybertruck left
Current Transformation Matrix:
1 0 0 -1.77
0 1 0 0
0 0 1 0
0 0 0 1
-----------------------------
Pressed A: Move Cybertruck left
Current Transformation Matrix:
1 0 0 -1.78
0 1 0 0
0 0 1 0
0 0 0 1
-----------------------------
Pressed A: Move Cybertruck left
Current Transformation Matrix:
1 0 0 -1.79
0 1 0 0
0 0 1 0
0 0 0 1
-----------------------------
Pressed A: Move Cybertruck left
Current Transformation Matrix:
1 0 0 -1.8
0 1 0 0
0 0 1 0
0 0 0 1
-----------------------------
Pressed A: Move Cybertruck left
Current Transformation Matrix:
1 0 0 -1.81
0 1 0 0
0 0 1 0
0 0 0 1
-----------------------------
Pressed A: Move Cybertruck left
Current Transformation Matrix:
1 0 0 -1.82
0 1 0 0
0 0 1 0
0 0 0 1
-----------------------------
Pressed A: Move Cybertruck left
Current Transformation Matrix:
1 0 0 -1.83
0 1 0 0
0 0 1 0
0 0 0 1
-----------------------------
Pressed A: Move Cybertruck left
Current Transformation Matrix:
1 0 0 -1.84
0 1 0 0
0 0 1 0
0 0 0 1
-----------------------------
Pressed A: Move Cybertruck left
Current Transformation Matrix:
1 0 0 -1.85
0 1 0 0
0 0 1 0
0 0 0 1
-----------------------------
Pressed A: Move Cybertruck left
Current Transformation Matrix:
1 0 0 -1.86
0 1 0 0
0 0 1 0
0 0 0 1
-----------------------------
Pressed A: Move Cybertruck left
Current Transformation Matrix:
1 0 0 -1.87
0 1 0 0
0 0 1 0
0 0 0 1
-----------------------------
Pressed A: Move Cybertruck left
Current Transformation Matrix:
1 0 0 -1.88
0 1 0 0
0 0 1 0
0 0 0 1
-----------------------------
Pressed A: Move Cybertruck left
Current Transformation Matrix:
1 0 0 -1.89
0 1 0 0
0 0 1 0
0 0 0 1
-----------------------------
Pressed A: Move Cybertruck left
Current Transformation Matrix:
1 0 0 -1.9
0 1 0 0
0 0 1 0
0 0 0 1
-----------------------------
Pressed A: Move Cybertruck left
Current Transformation Matrix:
1 0 0 -1.91
0 1 0 0
0 0 1 0
0 0 0 1
-----------------------------
Pressed A: Move Cybertruck left
Current Transformation Matrix:
1 0 0 -1.92
0 1 0 0
0 0 1 0
0 0 0 1
-----------------------------
Pressed A: Move Cybertruck left
Current Transformation Matrix:
1 0 0 -1.93
0 1 0 0
0 0 1 0
0 0 0 1
-----------------------------
Pressed A: Move Cybertruck left
Current Transformation Matrix:
1 0 0 -1.94
0 1 0 0
0 0 1 0
0 0 0 1
-----------------------------
Pressed D: Move Cybertruck right
Current Transformation Matrix:
1 0 0 -1.93
0 1 0 0
0 0 1 0
0 0 0 1
-----------------------------
Pressed D: Move Cybertruck right
Current Transformation Matrix:
1 0 0 -1.92
0 1 0 0
0 0 1 0
0 0 0 1
-----------------------------
Pressed D: Move Cybertruck right
Current Transformation Matrix:
1 0 0 -1.91
0 1 0 0
0 0 1 0
0 0 0 1
-----------------------------
Pressed D: Move Cybertruck right
Current Transformation Matrix:
1 0 0 -1.9
0 1 0 0
0 0 1 0
0 0 0 1
-----------------------------
Pressed D: Move Cybertruck right
Current Transformation Matrix:
1 0 0 -1.89
0 1 0 0
0 0 1 0
0 0 0 1
-----------------------------
Pressed D: Move Cybertruck right
Current Transformation Matrix:
1 0 0 -1.88
0 1 0 0
0 0 1 0
0 0 0 1
-----------------------------
Pressed D: Move Cybertruck right
Current Transformation Matrix:
1 0 0 -1.87
0 1 0 0
0 0 1 0
0 0 0 1
-----------------------------
Pressed D: Move Cybertruck right
Current Transformation Matrix:
1 0 0 -1.86
0 1 0 0
0 0 1 0
0 0 0 1
-----------------------------
Pressed D: Move Cybertruck right
Current Transformation Matrix:
1 0 0 -1.85
0 1 0 0
0 0 1 0
0 0 0 1
-----------------------------
Pressed D: Move Cybertruck right
Current Transformation Matrix:
1 0 0 -1.84
0 1 0 0
0 0 1 0
0 0 0 1
-----------------------------
Pressed D: Move Cybertruck right
Current Transformation Matrix:
1 0 0 -1.83
0 1 0 0
0 0 1 0
0 0 0 1
-----------------------------
Pressed D: Move Cybertruck right
Current Transformation Matrix:
1 0 0 -1.82
0 1 0 0
0 0 1 0
0 0 0 1
-----------------------------
Pressed D: Move Cybertruck right
Current Transformation Matrix:
1 0 0 -1.81
0 1 0 0
0 0 1 0
0 0 0 1
-----------------------------
Pressed D: Move Cybertruck right
Current Transformation Matrix:
1 0 0 -1.8
0 1 0 0
0 0 1 0
0 0 0 1
-----------------------------
Pressed D: Move Cybertruck right
Current Transformation Matrix:
1 0 0 -1.79
0 1 0 0
0 0 1 0
0 0 0 1
-----------------------------
Pressed D: Move Cybertruck right
Current Transformation Matrix:
1 0 0 -1.78
0 1 0 0
0 0 1 0
0 0 0 1
-----------------------------
Pressed D: Move Cybertruck right
Current Transformation Matrix:
1 0 0 -1.77
0 1 0 0
0 0 1 0
0 0 0 1
-----------------------------
Pressed D: Move Cybertruck right
Current Transformation Matrix:
1 0 0 -1.76
0 1 0 0
0 0 1 0
0 0 0 1
-----------------------------
Pressed D: Move Cybertruck right
Current Transformation Matrix:
1 0 0 -1.75
0 1 0 0
0 0 1 0
0 0 0 1
-----------------------------
Pressed D: Move Cybertruck right
Current Transformation Matrix:
1 0 0 -1.74
0 1 0 0
0 0 1 0
0 0 0 1
-----------------------------
Pressed D: Move Cybertruck right
Current Transformation Matrix:
1 0 0 -1.73
0 1 0 0
0 0 1 0
0 0 0 1
-----------------------------
Pressed D: Move Cybertruck right
Current Transformation Matrix:
1 0 0 -1.72
0 1 0 0
0 0 1 0
0 0 0 1
-----------------------------
Pressed D: Move Cybertruck right
Current Transformation Matrix:
1 0 0 -1.71
0 1 0 0
0 0 1 0
0 0 0 1
-----------------------------
Pressed D: Move Cybertruck right
Current Transformation Matrix:
1 0 0 -1.7
0 1 0 0
0 0 1 0
0 0 0 1
-----------------------------
Pressed D: Move Cybertruck right
Current Transformation Matrix:
1 0 0 -1.69
0 1 0 0
0 0 1 0
0 0 0 1
-----------------------------
Pressed D: Move Cybertruck right
Current Transformation Matrix:
1 0 0 -1.68
0 1 0 0
0 0 1 0
0 0 0 1
-----------------------------
Pressed D: Move Cybertruck right
Current Transformation Matrix:
1 0 0 -1.67
0 1 0 0
0 0 1 0
0 0 0 1
-----------------------------
Pressed D: Move Cybertruck right
Current Transformation Matrix:
1 0 0 -1.66
0 1 0 0
0 0 1 0
0 0 0 1
-----------------------------
Pressed D: Move Cybertruck right
Current Transformation Matrix:
1 0 0 -1.65
0 1 0 0
0 0 1 0
0 0 0 1
-----------------------------
Pressed D: Move Cybertruck right
Current Transformation Matrix:
1 0 0 -1.64
0 1 0 0
0 0 1 0
0 0 0 1
-----------------------------
Pressed D: Move Cybertruck right
Current Transformation Matrix:
1 0 0 -1.63
0 1 0 0
0 0 1 0
0 0 0 1
-----------------------------
Pressed D: Move Cybertruck right
Current Transformation Matrix:
1 0 0 -1.62
0 1 0 0
0 0 1 0
0 0 0 1
-----------------------------
Pressed E: Rotate Cybertruck along z axis clockwise
Current Transformation Matrix:
0.99863 0.052336 0 -1.62
-0.052336 0.99863 0 0
0 0 1 0
0 0 0 1
-----------------------------
Pressed E: Rotate Cybertruck along z axis clockwise
Current Transformation Matrix:
0.994522 0.104528 0 -1.62
-0.104528 0.994522 0 0
0 0 1 0
0 0 0 1
-----------------------------
Pressed Q: Rotate Cybertruck along z axis anticlockwise
Current Transformation Matrix:
0.998629 0.052336 0 -1.62
-0.052336 0.998629 0 0
0 0 1 0
0 0 0 1
-----------------------------
Pressed Q: Rotate Cybertruck along z axis anticlockwise
Current Transformation Matrix:
1 0 0 -1.62
0 1 0 0
0 0 1 0
0 0 0 1
-----------------------------
Pressed Q: Rotate Cybertruck along z axis anticlockwise
Current Transformation Matrix:
0.998629 -0.052336 0 -1.62
0.052336 0.998629 0 0
0 0 1 0
0 0 0 1
-----------------------------
Pressed Q: Rotate Cybertruck along z axis anticlockwise
Current Transformation Matrix:
0.994522 -0.104528 0 -1.62
0.104528 0.994522 0 0
0 0 1 0
0 0 0 1
-----------------------------
Pressed E: Rotate Cybertruck along z axis clockwise
Current Transformation Matrix:
0.998629 -0.052336 0 -1.62
0.052336 0.998629 0 0
0 0 1 0
0 0 0 1
-----------------------------
Pressed E: Rotate Cybertruck along z axis clockwise
Current Transformation Matrix:
1 3.72529e-09 0 -1.62
-3.72529e-09 1 0 0
0 0 1 0
0 0 0 1
-----------------------------
Pressed S: Move Cybertruck downwards
Current Transformation Matrix:
0.258819 3.72529e-09 0.965925 -1.62
-9.64175e-10 1 -3.59835e-09 -0.01
-0.965925 0 0.258819 0
0 0 0 1
-----------------------------
Pressed S: Move Cybertruck downwards
Current Transformation Matrix:
0.258819 3.72529e-09 0.965925 -1.62
-9.64175e-10 1 -3.59835e-09 -0.02
-0.965925 0 0.258819 0
0 0 0 1
-----------------------------
Pressed S: Move Cybertruck downwards
Current Transformation Matrix:
0.258819 3.72529e-09 0.965925 -1.62
-9.64175e-10 1 -3.59835e-09 -0.03
-0.965925 0 0.258819 0
0 0 0 1
-----------------------------
Pressed S: Move Cybertruck downwards
Current Transformation Matrix:
0.258819 3.72529e-09 0.965925 -1.62
-9.64175e-10 1 -3.59835e-09 -0.04
-0.965925 0 0.258819 0
0 0 0 1
-----------------------------
Pressed S: Move Cybertruck downwards
Current Transformation Matrix:
0.258819 3.72529e-09 0.965925 -1.62
-9.64175e-10 1 -3.59835e-09 -0.05
-0.965925 0 0.258819 0
0 0 0 1
-----------------------------
Pressed S: Move Cybertruck downwards
Current Transformation Matrix:
0.258819 3.72529e-09 0.965925 -1.62
-9.64175e-10 1 -3.59835e-09 -0.06
-0.965925 0 0.258819 0
0 0 0 1
-----------------------------
Pressed S: Move Cybertruck downwards
Current Transformation Matrix:
0.258819 3.72529e-09 0.965925 -1.62
-9.64175e-10 1 -3.59835e-09 -0.07
-0.965925 0 0.258819 0
0 0 0 1
-----------------------------
Pressed W: Move Cybertruck upwards
Current Transformation Matrix:
0.258819 3.72529e-09 0.965925 -1.62
-9.64175e-10 1 -3.59835e-09 -0.06
-0.965925 0 0.258819 0
0 0 0 1
-----------------------------
Pressed W: Move Cybertruck upwards
Current Transformation Matrix:
0.258819 3.72529e-09 0.965925 -1.62
-9.64175e-10 1 -3.59835e-09 -0.05
-0.965925 0 0.258819 0
0 0 0 1
-----------------------------
Pressed W: Move Cybertruck upwards
Current Transformation Matrix:
0.258819 3.72529e-09 0.965925 -1.62
-9.64175e-10 1 -3.59835e-09 -0.04
-0.965925 0 0.258819 0
0 0 0 1
-----------------------------
Pressed W: Move Cybertruck upwards
Current Transformation Matrix:
0.258819 3.72529e-09 0.965925 -1.62
-9.64175e-10 1 -3.59835e-09 -0.03
-0.965925 0 0.258819 0
0 0 0 1
-----------------------------
Pressed W: Move Cybertruck upwards
Current Transformation Matrix:
0.258819 3.72529e-09 0.965925 -1.62
-9.64175e-10 1 -3.59835e-09 -0.02
-0.965925 0 0.258819 0
0 0 0 1
-----------------------------
Pressed W: Move Cybertruck upwards
Current Transformation Matrix:
0.258819 3.72529e-09 0.965925 -1.62
-9.64175e-10 1 -3.59835e-09 -0.01
-0.965925 0 0.258819 0
0 0 0 1
-----------------------------
Pressed W: Move Cybertruck upwards
Current Transformation Matrix:
0.258819 3.72529e-09 0.965925 -1.62
-9.64175e-10 1 -3.59835e-09 -5.58794e-09
-0.965925 0 0.258819 0
0 0 0 1
-----------------------------
Pressed W: Move Cybertruck upwards
Current Transformation Matrix:
0.258819 3.72529e-09 0.965925 -1.62
-9.64175e-10 1 -3.59835e-09 0.00999999
-0.965925 0 0.258819 0
0 0 0 1
-----------------------------
Pressed W: Move Cybertruck upwards
Current Transformation Matrix:
0.258819 3.72529e-09 0.965925 -1.62
-9.64175e-10 1 -3.59835e-09 0.02
-0.965925 0 0.258819 0
0 0 0 1
-----------------------------
Pressed D: Move Cybertruck right
Current Transformation Matrix:
0.258819 3.72529e-09 0.965925 -1.61741
-9.64175e-10 1 -3.59835e-09 0.02
-0.965925 0 0.258819 -0.00965925
0 0 0 1
-----------------------------
Pressed D: Move Cybertruck right
Current Transformation Matrix:
0.258819 3.72529e-09 0.965925 -1.61482
-9.64175e-10 1 -3.59835e-09 0.02
-0.965925 0 0.258819 -0.0193185
0 0 0 1
-----------------------------
Pressed D: Move Cybertruck right
Current Transformation Matrix:
0.258819 3.72529e-09 0.965925 -1.61223
-9.64175e-10 1 -3.59835e-09 0.02
-0.965925 0 0.258819 -0.0289777
0 0 0 1
-----------------------------
Pressed D: Move Cybertruck right
Current Transformation Matrix:
0.258819 3.72529e-09 0.965925 -1.60965
-9.64175e-10 1 -3.59835e-09 0.02
-0.965925 0 0.258819 -0.038637
0 0 0 1
-----------------------------
Pressed D: Move Cybertruck right
Current Transformation Matrix:
0.258819 3.72529e-09 0.965925 -1.60706
-9.64175e-10 1 -3.59835e-09 0.02
-0.965925 0 0.258819 -0.0482962
0 0 0 1
-----------------------------
Pressed D: Move Cybertruck right
Current Transformation Matrix:
0.258819 3.72529e-09 0.965925 -1.60447
-9.64175e-10 1 -3.59835e-09 0.02
-0.965925 0 0.258819 -0.0579555
0 0 0 1
-----------------------------
Pressed D: Move Cybertruck right
Current Transformation Matrix:
0.258819 3.72529e-09 0.965925 -1.60188
-9.64175e-10 1 -3.59835e-09 0.02
-0.965925 0 0.258819 -0.0676147
0 0 0 1
-----------------------------
Pressed D: Move Cybertruck right
Current Transformation Matrix:
0.258819 3.72529e-09 0.965925 -1.59929
-9.64175e-10 1 -3.59835e-09 0.02
-0.965925 0 0.258819 -0.077274
0 0 0 1
-----------------------------
Pressed D: Move Cybertruck right
Current Transformation Matrix:
0.258819 3.72529e-09 0.965925 -1.59671
-9.64175e-10 1 -3.59835e-09 0.02
-0.965925 0 0.258819 -0.0869332
0 0 0 1
-----------------------------
Pressed D: Move Cybertruck right
Current Transformation Matrix:
0.258819 3.72529e-09 0.965925 -1.59412
-9.64175e-10 1 -3.59835e-09 0.02
-0.965925 0 0.258819 -0.0965925
0 0 0 1
-----------------------------
Pressed D: Move Cybertruck right
Current Transformation Matrix:
0.258819 3.72529e-09 0.965925 -1.59153
-9.64175e-10 1 -3.59835e-09 0.02
-0.965925 0 0.258819 -0.106252
0 0 0 1
-----------------------------
Pressed D: Move Cybertruck right
Current Transformation Matrix:
0.258819 3.72529e-09 0.965925 -1.58894
-9.64175e-10 1 -3.59835e-09 0.02
-0.965925 0 0.258819 -0.115911
0 0 0 1
-----------------------------
Pressed D: Move Cybertruck right
Current Transformation Matrix:
0.258819 3.72529e-09 0.965925 -1.58635
-9.64175e-10 1 -3.59835e-09 0.02
-0.965925 0 0.258819 -0.12557
0 0 0 1
-----------------------------
Pressed D: Move Cybertruck right
Current Transformation Matrix:
0.258819 3.72529e-09 0.965925 -1.58376
-9.64175e-10 1 -3.59835e-09 0.02
-0.965925 0 0.258819 -0.135229
0 0 0 1
-----------------------------
Pressed D: Move Cybertruck right
Current Transformation Matrix:
0.258819 3.72529e-09 0.965925 -1.58118
-9.64175e-10 1 -3.59835e-09 0.02
-0.965925 0 0.258819 -0.144889
0 0 0 1
-----------------------------
Pressed D: Move Cybertruck right
Current Transformation Matrix:
0.258819 3.72529e-09 0.965925 -1.57859
-9.64175e-10 1 -3.59835e-09 0.02
-0.965925 0 0.258819 -0.154548
0 0 0 1
-----------------------------
Pressed D: Move Cybertruck right
Current Transformation Matrix:
0.258819 3.72529e-09 0.965925 -1.576
-9.64175e-10 1 -3.59835e-09 0.02
-0.965925 0 0.258819 -0.164207
0 0 0 1
-----------------------------
Pressed D: Move Cybertruck right
Current Transformation Matrix:
0.258819 3.72529e-09 0.965925 -1.57341
-9.64175e-10 1 -3.59835e-09 0.02
-0.965925 0 0.258819 -0.173866
0 0 0 1
-----------------------------
Pressed D: Move Cybertruck right
Current Transformation Matrix:
0.258819 3.72529e-09 0.965925 -1.57082
-9.64175e-10 1 -3.59835e-09 0.02
-0.965925 0 0.258819 -0.183526
0 0 0 1
-----------------------------
Pressed D: Move Cybertruck right
Current Transformation Matrix:
0.258819 3.72529e-09 0.965925 -1.56824
-9.64175e-10 1 -3.59835e-09 0.02
-0.965925 0 0.258819 -0.193185
0 0 0 1
-----------------------------
Pressed D: Move Cybertruck right
Current Transformation Matrix:
0.258819 3.72529e-09 0.965925 -1.56565
-9.64175e-10 1 -3.59835e-09 0.02
-0.965925 0 0.258819 -0.202844
0 0 0 1
-----------------------------
Pressed D: Move Cybertruck right
Current Transformation Matrix:
0.258819 3.72529e-09 0.965925 -1.56306
-9.64175e-10 1 -3.59835e-09 0.02
-0.965925 0 0.258819 -0.212503
0 0 0 1
-----------------------------
Pressed D: Move Cybertruck right
Current Transformation Matrix:
0.258819 3.72529e-09 0.965925 -1.56047
-9.64175e-10 1 -3.59835e-09 0.02
-0.965925 0 0.258819 -0.222163
0 0 0 1
-----------------------------
Pressed D: Move Cybertruck right
Current Transformation Matrix:
0.258819 3.72529e-09 0.965925 -1.55788
-9.64175e-10 1 -3.59835e-09 0.02
-0.965925 0 0.258819 -0.231822
0 0 0 1
-----------------------------
Pressed D: Move Cybertruck right
Current Transformation Matrix:
0.258819 3.72529e-09 0.965925 -1.55529
-9.64175e-10 1 -3.59835e-09 0.02
-0.965925 0 0.258819 -0.241481
0 0 0 1
-----------------------------
Pressed D: Move Cybertruck right
Current Transformation Matrix:
0.258819 3.72529e-09 0.965925 -1.55271
-9.64175e-10 1 -3.59835e-09 0.02
-0.965925 0 0.258819 -0.25114
0 0 0 1
-----------------------------
Pressed D: Move Cybertruck right
Current Transformation Matrix:
0.258819 3.72529e-09 0.965925 -1.55012
-9.64175e-10 1 -3.59835e-09 0.02
-0.965925 0 0.258819 -0.2608
0 0 0 1
-----------------------------
Pressed D: Move Cybertruck right
Current Transformation Matrix:
0.258819 3.72529e-09 0.965925 -1.54753
-9.64175e-10 1 -3.59835e-09 0.02
-0.965925 0 0.258819 -0.270459
0 0 0 1
-----------------------------
Pressed D: Move Cybertruck right
Current Transformation Matrix:
0.258819 3.72529e-09 0.965925 -1.54494
-9.64175e-10 1 -3.59835e-09 0.02
-0.965925 0 0.258819 -0.280118
0 0 0 1
-----------------------------
Pressed D: Move Cybertruck right
Current Transformation Matrix:
0.258819 3.72529e-09 0.965925 -1.54235
-9.64175e-10 1 -3.59835e-09 0.02
-0.965925 0 0.258819 -0.289777
0 0 0 1
-----------------------------
Pressed D: Move Cybertruck right
